Vertex Count: 36

Data:

-0.5 0.5 -0.5 0.001992 0.00199199 -4.31602e+008 -4.31602e+008 -4.31602e+008
0.5 -0.5 -0.5 0.998008 0.998008 -4.31602e+008 -4.31602e+008 -4.31602e+008
-0.5 -0.5 -0.5 0.001992 0.998008 -4.31602e+008 -4.31602e+008 -4.31602e+008
0.5 0.5 -0.5 0.998008 0.00199199 -4.31602e+008 -4.31602e+008 -4.31602e+008
0.5 -0.5 -0.5 0.998008 0.998008 -4.31602e+008 -4.31602e+008 -4.31602e+008
-0.5 0.5 -0.5 0.001992 0.00199199 -4.31602e+008 -4.31602e+008 -4.31602e+008
-0.5 0.5 0.5 0.001992 0.00199199 -4.31602e+008 -4.31602e+008 -4.31602e+008
0.5 0.5 -0.5 0.998008 0.998008 -4.31602e+008 -4.31602e+008 -4.31602e+008
-0.5 0.5 -0.5 0.001992 0.998008 -4.31602e+008 -4.31602e+008 -4.31602e+008
0.5 0.5 0.5 0.998008 0.00199199 -4.31602e+008 -4.31602e+008 -4.31602e+008
0.5 0.5 -0.5 0.998008 0.998008 -4.31602e+008 -4.31602e+008 -4.31602e+008
-0.5 0.5 0.5 0.001992 0.00199199 -4.31602e+008 -4.31602e+008 -4.31602e+008
-0.5 -0.5 0.5 0.998008 0.998008 -4.31602e+008 -4.31602e+008 -4.31602e+008
0.5 0.5 0.5 0.001992 0.00199199 -4.31602e+008 -4.31602e+008 -4.31602e+008
-0.5 0.5 0.5 0.998008 0.00199199 -4.31602e+008 -4.31602e+008 -4.31602e+008
0.5 -0.5 0.5 0.001992 0.998008 -4.31602e+008 -4.31602e+008 -4.31602e+008
0.5 0.5 0.5 0.001992 0.00199199 -4.31602e+008 -4.31602e+008 -4.31602e+008
-0.5 -0.5 0.5 0.998008 0.998008 -4.31602e+008 -4.31602e+008 -4.31602e+008
-0.5 -0.5 -0.5 0.001992 0.00199199 -4.31602e+008 -4.31602e+008 -4.31602e+008
0.5 -0.5 0.5 0.998008 0.998008 -4.31602e+008 -4.31602e+008 -4.31602e+008
-0.5 -0.5 0.5 0.001992 0.998008 -4.31602e+008 -4.31602e+008 -4.31602e+008
0.5 -0.5 -0.5 0.998008 0.00199199 -4.31602e+008 -4.31602e+008 -4.31602e+008
0.5 -0.5 0.5 0.998008 0.998008 -4.31602e+008 -4.31602e+008 -4.31602e+008
-0.5 -0.5 -0.5 0.001992 0.00199199 -4.31602e+008 -4.31602e+008 -4.31602e+008
0.5 0.5 -0.5 0.001992 0.00199199 -4.31602e+008 -4.31602e+008 -4.31602e+008
0.5 -0.5 0.5 0.998008 0.998008 -4.31602e+008 -4.31602e+008 -4.31602e+008
0.5 -0.5 -0.5 0.001992 0.998008 -4.31602e+008 -4.31602e+008 -4.31602e+008
0.5 0.5 0.5 0.998008 0.00199199 -4.31602e+008 -4.31602e+008 -4.31602e+008
0.5 -0.5 0.5 0.998008 0.998008 -4.31602e+008 -4.31602e+008 -4.31602e+008
0.5 0.5 -0.5 0.001992 0.00199199 -4.31602e+008 -4.31602e+008 -4.31602e+008
-0.5 0.5 0.5 0.001992 0.00199199 -4.31602e+008 -4.31602e+008 -4.31602e+008
-0.5 -0.5 -0.5 0.998008 0.998008 -4.31602e+008 -4.31602e+008 -4.31602e+008
-0.5 -0.5 0.5 0.001992 0.998008 -4.31602e+008 -4.31602e+008 -4.31602e+008
-0.5 0.5 -0.5 0.998008 0.00199199 -4.31602e+008 -4.31602e+008 -4.31602e+008
-0.5 -0.5 -0.5 0.998008 0.998008 -4.31602e+008 -4.31602e+008 -4.31602e+008
-0.5 0.5 0.5 0.001992 0.00199199 -4.31602e+008 -4.31602e+008 -4.31602e+008
